/NumWaves	6
/NumPoints	213
/PPheights		4.269394e-01	3.305621e-01	4.136713e-01	3.302943e-01	4.136945e-01	3.303161e-01

/Matrix
-1.216693e-01	3.013131e-03	-1.956819e-02	-2.334856e-03	-3.090235e-04	-1.867428e-09	
-1.189477e-01	5.356910e-02	-2.179238e-02	-2.292539e-03	-3.090253e-04	-1.933489e-11	
-1.510824e-02	1.826829e-01	-2.393142e-02	-2.208649e-03	-3.090234e-04	-1.933489e-11	
2.460694e-01	1.383848e-01	-2.598734e-02	-2.126729e-03	-3.090253e-04	-9.506575e-10	
2.618874e-01	-7.147906e-02	-2.796208e-02	-2.046726e-03	-3.090253e-04	-1.933489e-11	
1.033721e-01	-1.471229e-01	-2.985754e-02	-1.968590e-03	-3.090253e-04	-1.933489e-11	
-3.244638e-02	-1.046987e-01	-3.167558e-02	-1.892274e-03	-3.090253e-04	-1.933489e-11	
-1.064122e-01	-5.181761e-02	-3.341800e-02	-1.817726e-03	-3.090252e-04	-1.933489e-11	
-1.366311e-01	3.345266e-02	-3.508654e-02	-1.744894e-03	-3.090252e-04	-3.388680e-11	
-4.012287e-02	1.819620e-01	-3.668292e-02	-1.673726e-03	-3.090252e-04	2.128024e-07	
2.268892e-01	1.461613e-01	-3.820877e-02	-1.604169e-03	-3.085995e-04	2.466907e-05	
2.523836e-01	-6.256741e-02	-3.966568e-02	-1.536167e-03	-2.596870e-04	1.014501e-04	
1.019943e-01	-1.404739e-01	-4.105520e-02	-1.469663e-03	-1.056993e-04	1.469368e-04	
-2.865514e-02	-1.007593e-01	-4.237879e-02	-1.404594e-03	3.418673e-05	1.023220e-04	
-9.990279e-02	-5.028586e-02	-4.363787e-02	-9.378574e-04	9.894469e-05	3.733357e-05	
-1.297621e-01	-1.723862e-02	-4.402770e-02	5.015807e-02	1.088539e-04	-3.867813e-06	
-1.349809e-01	1.437158e-03	5.690516e-02	1.795710e-01	9.120913e-05	-2.368375e-05	
-1.275001e-01	9.649545e-03	3.153184e-01	1.356702e-01	6.148651e-05	-3.216609e-05	
-1.162778e-01	1.081166e-02	3.283909e-01	-7.422264e-02	2.687702e-05	-3.583739e-05	
-1.064481e-01	8.576792e-03	1.670155e-01	-1.500589e-01	-1.018820e-05	-3.837630e-05	
-9.967382e-02	5.702472e-03	2.845201e-02	-1.076215e-01	-4.987552e-05	-4.157438e-05	
-9.557784e-02	3.900781e-03	-4.801692e-02	-5.500912e-02	-9.333689e-05	-4.594600e-05	
-9.239796e-02	5.360463e-02	-8.133844e-02	-2.062914e-02	-1.417674e-04	-5.137770e-05	
1.111272e-02	1.821409e-01	-8.903985e-02	-1.217060e-03	-1.960922e-04	-5.758414e-05	
2.715929e-01	1.375347e-01	-8.353546e-02	7.380327e-03	-2.569357e-04	-6.219530e-05	
2.864643e-01	-7.258671e-02	-7.404334e-02	8.735248e-03	-3.204828e-04	-6.561079e-05	
1.267343e-01	-1.483676e-01	-6.583126e-02	6.636595e-03	-3.881572e-04	-7.771957e-05	
-1.030738e-02	-1.058759e-01	-6.053831e-02	3.906998e-03	-4.759218e-04	-9.845841e-05	
-8.535564e-02	-5.326769e-02	-5.778662e-02	2.235680e-03	-5.850739e-04	-1.170877e-04	
-1.173460e-01	-1.893733e-02	-5.583694e-02	5.205034e-02	-7.100971e-04	-1.314073e-04	
-1.238039e-01	3.958919e-04	4.654363e-02	1.808082e-01	-8.478886e-04	-1.438894e-04	
-1.171420e-01	8.900289e-03	3.059857e-01	1.366080e-01	-9.978758e-04	-1.587407e-04	
-1.065765e-01	1.015927e-02	3.199071e-01	-7.340862e-02	-1.165370e-03	-1.838248e-04	
-9.737334e-02	7.968054e-03	1.593128e-01	-1.492982e-01	-1.365525e-03	-2.140025e-04	
-9.117001e-02	5.151262e-03	2.149161e-02	-1.068886e-01	-1.593375e-03	-2.357537e-04	
-8.758682e-02	3.397640e-03	-5.425239e-02	-5.428825e-02	-1.837033e-03	-2.502633e-04	
-8.488284e-02	5.313275e-02	-8.685569e-02	-1.991463e-02	-2.093901e-03	-2.645533e-04	
1.817652e-02	1.816909e-01	-9.384504e-02	-5.083916e-04	-2.366139e-03	-2.812867e-04	
2.782235e-01	1.370971e-01	-8.763428e-02	8.083573e-03	-2.656475e-03	-3.006262e-04	
2.926674e-01	-7.302938e-02	-7.744111e-02	9.433411e-03	-2.967392e-03	-3.222241e-04	
1.324933e-01	-1.488162e-01	-6.853299e-02	7.329930e-03	-3.300923e-03	-3.455410e-04	
-4.988751e-03	-1.063095e-01	-6.254880e-02	4.595677e-03	-3.658474e-03	-3.699937e-04	
-8.045213e-02	-5.327144e-02	-5.911054e-02	2.516737e-03	-4.040910e-03	-3.951649e-04	
-1.120240e-01	3.211734e-02	-5.728501e-02	1.293253e-03	-4.448803e-03	-4.208607e-04	
-1.677933e-02	1.807006e-01	-5.629414e-02	6.945286e-04	-4.882631e-03	-4.470870e-04	
2.490249e-01	1.449485e-01	-5.566628e-02	4.502543e-04	-5.342977e-03	-4.809208e-04	
2.733502e-01	-6.374389e-02	-5.516409e-02	3.800392e-04	-5.844473e-03	-5.350248e-04	
1.218232e-01	-1.416180e-01	-5.467679e-02	3.790160e-04	-6.413027e-03	-5.881728e-04	
-9.933207e-03	-1.018706e-01	-5.417676e-02	4.017299e-04	-7.020819e-03	-6.152296e-04	
-8.225522e-02	-5.136205e-02	-5.364413e-02	8.420097e-04	-7.643486e-03	-6.302533e-04	
-1.131537e-01	-1.827749e-02	-5.226366e-02	5.191689e-02	-8.281325e-03	-6.487749e-04	
-1.193746e-01	4.371382e-04	5.041841e-02	1.813090e-01	-8.941036e-03	-6.732573e-04	
-1.128575e-01	8.671108e-03	3.105599e-01	1.373874e-01	-9.627840e-03	-7.020766e-04	
-1.025961e-01	9.813251e-03	3.253396e-01	-7.252629e-02	-1.034519e-02	-7.336298e-04	
-9.377211e-02	7.578282e-03	1.656504e-01	-1.483837e-01	-1.109510e-02	-7.665726e-04	
-8.796123e-02	4.772941e-03	2.875150e-02	-1.059678e-01	-1.187833e-02	-7.998497e-04	
-8.473516e-02	2.657011e-03	-4.607482e-02	-5.306636e-02	-1.269480e-02	-8.328278e-04	
-8.314905e-02	1.401732e-03	-7.715385e-02	2.948408e-02	-1.354399e-02	-8.652415e-04	
-8.243005e-02	7.678802e-04	1.312774e-02	1.790070e-01	-1.442528e-02	-8.970155e-04	
-8.211005e-02	4.779614e-04	2.810741e-01	1.501479e-01	-1.533802e-02	-9.281151e-04	
-8.197019e-02	3.385263e-04	3.135766e-01	-5.852316e-02	-1.628151e-02	-9.584837e-04	
-8.192876e-02	2.722675e-04	1.641736e-01	-1.410037e-01	-1.725499e-02	-9.880271e-04	
-8.192132e-02	2.637433e-04	3.174882e-02	-1.027051e-01	-1.825757e-02	-1.016625e-03	
-8.189692e-02	3.788018e-04	-4.102692e-02	-5.189841e-02	-1.928824e-02	-1.044141e-03	
-8.165932e-02	3.795668e-02	-7.182178e-02	-1.838073e-02	-2.034585e-02	-1.070430e-03	
-6.478643e-03	1.691538e-01	-7.755519e-02	6.650071e-04	-2.142910e-02	-1.095342e-03	
2.563186e-01	1.571904e-01	-7.025727e-02	9.162644e-03	-2.253653e-02	-1.118724e-03	
3.081507e-01	-5.053727e-02	-5.899706e-02	1.049580e-02	-2.366655e-02	-1.140427e-03	
1.556067e-01	-1.488506e-01	-4.903539e-02	8.355526e-03	-2.481738e-02	-1.160297e-03	
1.047643e-02	-1.136660e-01	-4.205798e-02	5.555577e-03	-2.598714e-02	-1.178184e-03	
-7.201762e-02	-5.895489e-02	-3.769778e-02	3.408492e-03	-2.717375e-02	-1.193939e-03	
-1.079072e-01	2.872596e-02	-3.501553e-02	2.122647e-03	-2.837502e-02	-1.207419e-03	
-1.511853e-02	1.789482e-01	-3.322764e-02	1.467039e-03	-2.958859e-02	-1.218485e-03	
2.496405e-01	1.443831e-01	-3.185701e-02	1.170062e-03	-3.081199e-02	-1.227000e-03	
2.738814e-01	-6.362272e-02	-3.066338e-02	1.048888e-03	-3.204259e-02	-1.232837e-03	
1.226823e-01	-1.412632e-01	-2.953538e-02	9.888012e-04	-3.327766e-02	-1.231041e-03	
-8.690484e-03	-1.015174e-01	-2.846218e-02	9.528956e-04	-3.450467e-02	-1.227019e-03	
-8.068714e-02	-5.066596e-02	-2.740622e-02	9.400569e-04	-3.573170e-02	-1.225481e-03	
-1.105153e-01	3.341340e-02	-2.635894e-02	9.304452e-04	-3.695563e-02	-1.220791e-03	
-1.441889e-02	1.813342e-01	-2.532244e-02	9.186883e-04	-3.817328e-02	-1.212865e-03	
2.518058e-01	1.452655e-01	-2.429891e-02	8.958771e-04	-3.938136e-02	-1.201635e-03	
2.763508e-01	-6.356483e-02	-2.330827e-02	8.470503e-04	-4.057655e-02	-1.187047e-03	
1.249688e-01	-1.414900e-01	-2.238262e-02	8.000843e-04	-4.175546e-02	-1.169059e-03	
-6.669734e-03	-1.017587e-01	-2.148612e-02	7.851265e-04	-4.291467e-02	-1.147648e-03	
-7.887872e-02	-5.123961e-02	-2.059058e-02	7.828038e-04	-4.405075e-02	-7.197671e-04	
-1.096379e-01	-1.811814e-02	-1.969893e-02	7.740266e-04	-4.435420e-02	5.034195e-02	
-1.156716e-01	6.210315e-04	-1.882115e-02	7.564589e-04	5.663314e-02	1.797139e-01	
-1.089658e-01	8.839859e-03	-1.796484e-02	7.325093e-04	3.150735e-01	1.357586e-01	
-9.854706e-02	9.950600e-03	-1.713515e-02	7.043098e-04	3.281504e-01	-7.415628e-02	
-8.959679e-02	7.691047e-03	-1.633542e-02	6.735169e-04	1.667610e-01	-1.499907e-01	
-8.367750e-02	4.871002e-03	-1.556750e-02	6.414156e-04	2.816908e-02	-1.075497e-01	
-8.035430e-02	3.146676e-03	-1.483215e-02	6.166606e-04	-4.833848e-02	-5.493707e-02	
-7.787635e-02	5.291112e-02	-1.411391e-02	6.109213e-04	-8.170505e-02	-2.055790e-02	
2.498120e-02	1.814891e-01	-1.339020e-02	5.946963e-04	-8.945429e-02	-1.146015e-03	
2.848415e-01	1.369030e-01	-1.270457e-02	5.429697e-04	-8.399708e-02	7.452976e-03	
2.990984e-01	-7.323080e-02	-1.208447e-02	4.809050e-04	-7.454833e-02	8.812129e-03	
1.387226e-01	-1.490254e-01	-1.152311e-02	4.283619e-04	-6.637282e-02	6.720686e-03	
1.037543e-03	-1.065167e-01	-1.100823e-02	3.859231e-04	-6.110696e-02	4.001198e-03	
-7.462403e-02	-5.387146e-02	-1.053186e-02	3.496323e-04	-5.837042e-02	2.342591e-03	
-1.071850e-01	-1.949151e-02	-1.008967e-02	3.164994e-04	-5.642178e-02	5.217210e-02	
-1.141583e-01	-1.281799e-04	-9.679667e-03	2.845321e-04	4.597378e-02	1.809352e-01	
-1.080079e-01	8.355177e-03	-9.301498e-03	2.525310e-04	3.054485e-01	1.367239e-01	
-9.800097e-02	9.554209e-03	-8.955587e-03	2.200377e-04	3.194216e-01	-7.327469e-02	
-8.943052e-02	7.313433e-03	-8.642483e-03	1.870974e-04	1.588992e-01	-1.491255e-01	
-8.388628e-02	4.489200e-03	-8.362523e-03	1.540202e-04	2.117068e-02	-1.066791e-01	
-8.095209e-02	2.344414e-03	-8.115637e-03	1.290291e-04	-5.445907e-02	-5.381189e-02	
-7.969097e-02	1.056200e-03	-7.885716e-03	1.237285e-04	-8.645310e-02	2.600730e-02	
-7.933044e-02	3.885363e-04	-7.649483e-03	1.087067e-04	-2.444467e-03	1.761420e-01	
-7.940385e-02	6.273614e-05	-7.449659e-03	5.904660e-05	2.658308e-01	1.537984e-01	
-7.969508e-02	-1.152396e-04	-7.312792e-03	-3.821916e-08	3.051524e-01	-5.463114e-02	
-8.012508e-02	-2.208293e-04	-7.231168e-03	-4.868056e-05	1.565685e-01	-1.415469e-01	
-8.062843e-02	-2.679034e-04	-7.191604e-03	-8.631524e-05	2.205864e-02	-1.045890e-01	
-8.115369e-02	3.504885e-05	-7.185259e-03	-1.169320e-04	-5.260941e-02	-5.338969e-02	
-8.105230e-02	4.824038e-02	-7.206930e-03	-1.435575e-04	-8.472075e-02	-1.937742e-02	
1.483333e-02	1.782549e-01	-7.253831e-03	-1.682195e-04	-9.136425e-02	3.141906e-05	
2.751748e-01	1.404561e-01	-7.324816e-03	-1.921500e-04	-8.465791e-02	8.803386e-03	
2.960357e-01	-6.965555e-02	-7.419561e-03	-2.158364e-04	-7.375748e-02	1.031536e-02	
1.361997e-01	-1.498886e-01	-7.537897e-03	-2.392597e-04	-6.402718e-02	8.265013e-03	
-3.757353e-03	-1.086884e-01	-7.679463e-03	-2.621940e-04	-5.722745e-02	5.502330e-03	
-8.150084e-02	-5.567839e-02	-7.843635e-03	-2.844000e-04	-5.302252e-02	3.778581e-03	
-1.156089e-01	-2.084382e-02	-8.029575e-03	-3.056964e-04	-4.967029e-02	5.354825e-02	
-1.237582e-01	-1.149588e-03	-8.236298e-03	-3.259594e-04	5.407397e-02	1.822614e-01	
-1.184957e-01	7.580604e-03	-8.462718e-03	-3.451014e-04	3.148525e-01	1.380077e-01	
-1.091732e-01	8.933614e-03	-8.707673e-03	-3.630562e-04	3.300893e-01	-7.203096e-02	
-1.011841e-01	6.760957e-03	-8.969947e-03	-3.797659e-04	1.707906e-01	-1.479218e-01	
-9.618928e-02	3.955601e-03	-9.248262e-03	-3.951131e-04	3.424574e-02	-1.055181e-01	
-9.379996e-02	2.219043e-03	-9.541167e-03	-4.010811e-04	-4.024559e-02	-5.293370e-02	
-9.227298e-02	5.197334e-02	-9.831352e-03	-3.862115e-04	-7.162165e-02	-1.858339e-02	
9.628287e-03	1.805528e-01	-1.009445e-02	-3.800047e-04	-7.741237e-02	7.934570e-04	
2.685384e-01	1.359781e-01	-1.037216e-02	-4.074297e-04	-7.003473e-02	9.351416e-03	
2.818598e-01	-7.413705e-02	-1.069005e-02	-4.433030e-04	-5.870954e-02	1.066374e-02	
1.205691e-01	-1.499073e-01	-1.103944e-02	-4.677819e-04	-4.870726e-02	8.519901e-03	
-1.800485e-02	-1.073704e-01	-1.140620e-02	-4.802748e-04	-4.166974e-02	5.742738e-03	
-9.452678e-02	-5.429867e-02	-1.178049e-02	-4.772597e-04	-3.722179e-02	3.618419e-03	
-1.271256e-01	3.112117e-02	-1.214114e-02	-4.497600e-04	-3.443290e-02	2.347115e-03	
-3.287956e-02	1.797327e-01	-1.246035e-02	-4.284954e-04	-3.252755e-02	1.698210e-03	
2.319521e-01	1.440071e-01	-1.277840e-02	-4.409055e-04	-3.103648e-02	1.401514e-03	
2.553296e-01	-6.467705e-02	-1.312235e-02	-4.666746e-04	-2.972453e-02	1.282472e-03	
1.028444e-01	-1.425447e-01	-1.349186e-02	-4.822049e-04	-2.847154e-02	1.231370e-03	
-2.984893e-02	-1.027752e-01	-1.386680e-02	-4.829105e-04	-2.726179e-02	1.197300e-03	
-1.030872e-01	-5.183685e-02	-1.423763e-02	-4.758913e-04	-2.607694e-02	1.176328e-03	
-1.340649e-01	3.232549e-02	-1.459844e-02	-4.641547e-04	-2.490913e-02	1.158251e-03	
-3.904662e-02	1.803069e-01	-1.494572e-02	-4.497506e-04	-2.376044e-02	1.138181e-03	
2.261476e-01	1.442756e-01	-1.527764e-02	-4.339632e-04	-2.263277e-02	1.116272e-03	
2.496867e-01	-6.453387e-02	-1.559327e-02	-4.173563e-04	-2.152789e-02	1.092676e-03	
9.731384e-02	-1.424465e-01	-1.589191e-02	-3.999944e-04	-2.044742e-02	1.067552e-03	
-3.530764e-02	-1.027034e-01	-1.617275e-02	-3.817398e-04	-1.939279e-02	1.041055e-03	
-1.084861e-01	-5.176811e-02	-1.643481e-02	-3.624520e-04	-1.836531e-02	1.013337e-03	
-1.393980e-01	3.239791e-02	-1.667702e-02	-3.420546e-04	-1.736612e-02	9.845523e-04	
-4.431240e-02	1.803785e-01	-1.689823e-02	-3.205336e-04	-1.639620e-02	9.548501e-04	
2.209462e-01	1.443467e-01	-1.709734e-02	-2.979194e-04	-1.545641e-02	9.243758e-04	
2.445517e-01	-6.446010e-02	-1.727329e-02	-2.742735e-04	-1.454745e-02	8.932729e-04	
9.224863e-02	-1.423702e-01	-1.742507e-02	-2.496666e-04	-1.366987e-02	8.616773e-04	
-4.030124e-02	-1.026262e-01	-1.755176e-02	-2.241794e-04	-1.282410e-02	8.297222e-04	
-1.134079e-01	-5.209464e-02	-1.765254e-02	2.051395e-04	-1.201042e-02	7.975348e-04	
-1.450554e-01	-1.896372e-02	-1.692057e-02	5.126566e-02	-1.122903e-02	7.652351e-04	
-1.519699e-01	-2.140137e-04	8.509953e-02	1.806451e-01	-1.047995e-02	7.329383e-04	
-1.461332e-01	8.028193e-03	3.445672e-01	1.367123e-01	-9.763150e-03	7.007522e-04	
-1.365504e-01	9.189113e-03	3.586629e-01	-7.321084e-02	-9.078450e-03	6.687799e-04	
-1.283709e-01	6.977182e-03	1.982811e-01	-1.490762e-01	-8.425590e-03	6.371152e-04	
-1.231939e-01	4.171909e-03	6.068250e-02	-1.066666e-01	-7.804219e-03	6.059010e-04	
-1.206135e-01	2.449174e-03	-1.484894e-02	-5.408115e-02	-7.213788e-03	5.819972e-04	
-1.188763e-01	5.222141e-02	-4.725953e-02	-1.972727e-02	-6.640225e-03	5.746253e-04	
-1.674765e-02	1.808161e-01	-5.407586e-02	-3.406736e-04	-6.064537e-03	5.583451e-04	
2.424036e-01	1.362623e-01	-4.771170e-02	8.231678e-03	-5.523535e-03	5.131564e-04	
2.559949e-01	-7.381018e-02	-3.738477e-02	9.561847e-03	-5.038224e-03	4.614573e-04	
9.503110e-02	-1.495440e-01	-2.836262e-02	7.438544e-03	-4.600620e-03	4.196628e-04	
-4.319932e-02	-1.070062e-01	-2.228435e-02	4.684250e-03	-4.198899e-03	3.876249e-04	
-1.193918e-01	-5.394380e-02	-1.877216e-02	2.584993e-03	-3.825370e-03	3.616319e-04	
-1.516650e-01	3.148253e-02	-1.689319e-02	1.340856e-03	-3.475635e-03	3.389835e-04	
-5.707586e-02	1.800977e-01	-1.586971e-02	7.211090e-04	-3.147403e-03	3.179593e-04	
2.080895e-01	1.443553e-01	-1.523047e-02	4.554086e-04	-2.839716e-03	2.975926e-04	
2.317772e-01	-6.433088e-02	-1.473853e-02	3.633454e-04	-2.552218e-03	2.775455e-04	
7.962226e-02	-1.421900e-01	-1.428353e-02	3.400427e-04	-2.284625e-03	2.578634e-04	
-5.274292e-02	-1.024201e-01	-1.383830e-02	3.400471e-04	-2.036491e-03	2.387531e-04	
-1.256495e-01	-5.148263e-02	-1.338339e-02	3.541630e-04	-1.807119e-03	2.241721e-04	
-1.563001e-01	3.266149e-02	-1.291003e-02	3.719789e-04	-1.588147e-03	2.180015e-04	
-6.098577e-02	1.806309e-01	-1.241959e-02	3.884001e-04	-1.371116e-03	2.050833e-04	
2.045121e-01	1.446232e-01	-1.191350e-02	4.033778e-04	-1.177980e-03	1.771223e-04	
2.283952e-01	-6.414827e-02	-1.139323e-02	4.168716e-04	-1.016871e-03	1.489564e-04	
7.640269e-02	-1.420307e-01	-1.086027e-02	4.288478e-04	-8.800673e-04	1.285900e-04	
-5.581357e-02	-1.022668e-01	-1.031616e-02	4.392788e-04	-7.596910e-04	1.144049e-04	
-1.285692e-01	-5.132359e-02	-9.762461e-03	4.481477e-04	-6.512574e-04	1.040804e-04	
-1.590590e-01	3.283012e-02	-9.200741e-03	4.554422e-04	-5.515301e-04	9.407810e-05	
-6.357433e-02	1.808093e-01	-8.632582e-03	4.611579e-04	-4.631012e-04	7.923254e-05	
2.021044e-01	1.448124e-01	-8.059559e-03	4.653000e-04	-3.930649e-04	6.305801e-05	
2.261798e-01	-6.394707e-02	-7.483245e-03	4.678783e-04	-3.369851e-04	5.253855e-05	
7.439249e-02	-1.418165e-01	-6.905197e-03	4.689108e-04	-2.879878e-04	4.712825e-05	
-5.760495e-02	-1.020388e-01	-6.326949e-03	4.684224e-04	-2.427285e-04	4.379889e-05	
-1.301273e-01	-5.108562e-02	-5.750009e-03	4.664445e-04	-2.003899e-04	4.066355e-05	
-1.603779e-01	3.306223e-02	-5.175847e-03	4.630144e-04	-1.614013e-04	3.689156e-05	
-6.467116e-02	1.810335e-01	-4.605898e-03	4.581751e-04	-1.266067e-04	3.239768e-05	
2.012314e-01	1.450525e-01	-4.041544e-03	4.519764e-04	-9.660590e-05	2.756060e-05	
2.255611e-01	-6.367362e-02	-3.484120e-03	4.444719e-04	-7.148545e-05	2.284083e-05	
7.406509e-02	-1.415083e-01	-2.934901e-03	4.357199e-04	-5.092417e-05	1.852813e-05	
-5.760800e-02	-1.017005e-01	-2.395105e-03	4.257837e-04	-3.442912e-05	1.461138e-05	
-1.297781e-01	-5.071747e-02	-1.865882e-03	4.147299e-04	-2.170134e-05	-2.901575e-06	
-1.596439e-01	3.347260e-02	-1.348314e-03	4.026282e-04	-4.023220e-05	-6.224136e-05	
-6.349954e-02	1.814861e-01	-8.434112e-04	3.895514e-04	-1.461840e-04	-1.173059e-04	
2.028732e-01	1.455230e-01	-3.521111e-04	3.755743e-04	-2.748440e-04	-1.066081e-04	
2.276773e-01	-6.320210e-02	1.247260e-04	3.607739e-04	-3.594001e-04	-6.003198e-05	
7.665453e-02	-1.410359e-01	5.863170e-04	3.452281e-04	-3.949079e-04	-1.915775e-05	
-5.454123e-02	-1.012215e-01	1.031958e-03	3.290159e-04	-3.977155e-04	6.011202e-06	
-1.262240e-01	-5.025595e-02	1.461024e-03	3.122167e-04	-3.828854e-04	1.794127e-05	
-1.556462e-01	3.383490e-02	1.872969e-03	2.949097e-04	-3.618329e-04	2.031963e-05	
-5.921202e-02	1.817664e-01	2.267327e-03	2.771736e-04	-3.422461e-04	1.706348e-05	
2.074409e-01	1.458608e-01	2.643711e-03	2.590865e-04	-3.277059e-04	1.185524e-05	
2.326505e-01	-6.273770e-02	3.001809e-03	2.407250e-04	-3.185356e-04	7.125079e-06	
8.216197e-02	-1.404620e-01	3.341388e-03	2.221640e-04	-3.134556e-04	3.803531e-06	
-4.840806e-02	-1.005730e-01	3.662288e-03	2.034767e-04	-3.109284e-04	1.837436e-06	
-1.194059e-01	-4.999104e-02	3.964420e-03	1.847338e-04	-3.097807e-04	8.147861e-07	
-1.489683e-01	-1.701039e-02	4.247766e-03	1.660035e-04	-3.092988e-04	3.354023e-07	
-1.540698e-01	-4.774365e-03	4.512372e-03	1.566642e-04	-3.091098e-04	1.889373e-07	
